# unix_time, cycles_done, cur_path, paths_total, pending_total, pending_favs, map_size, unique_crashes, unique_hangs, max_depth, execs_per_sec
1676439768, 0, 0, 1, 1, 1, 0.02%, 0, 0, 1, 2000.00
1676439773, 0, 0, 4, 4, 1, 0.03%, 5, 0, 2, 151.23
1676439778, 0, 0, 7, 7, 1, 0.03%, 5, 0, 2, 120.65
1676439891, 0, 0, 8, 8, 1, 0.03%, 5, 0, 2, 146.43
1676439912, 0, 0, 9, 9, 1, 0.03%, 5, 0, 2, 140.18
1676439999, 0, 1, 9, 8, 2, 0.03%, 5, 0, 2, 169.91
1676440009, 0, 7, 9, 7, 1, 0.03%, 5, 0, 2, 272.70
1676440019, 0, 8, 10, 7, 0, 0.03%, 5, 0, 3, 218.20
1676440024, 0, 8, 11, 8, 0, 0.03%, 5, 0, 3, 178.95
1676440045, 0, 8, 12, 9, 0, 0.03%, 5, 0, 3, 160.99
1676440075, 1, 7, 12, 8, 0, 0.03%, 5, 0, 3, 151.77
1676440080, 1, 10, 12, 8, 0, 0.03%, 5, 0, 3, 313.26
1676440085, 1, 10, 13, 9, 0, 0.03%, 5, 0, 4, 193.24
1676440095, 1, 10, 14, 10, 0, 0.03%, 5, 0, 4, 164.36
1676440110, 1, 12, 14, 9, 0, 0.03%, 5, 0, 4, 319.25
1676440141, 2, 1, 14, 8, 0, 0.03%, 5, 0, 4, 175.24
1676440146, 2, 2, 14, 8, 0, 0.03%, 5, 0, 4, 201.49
1676440156, 2, 3, 14, 7, 0, 0.03%, 5, 0, 4, 201.41
1676440161, 2, 4, 14, 6, 0, 0.03%, 5, 0, 4, 253.81
1676440172, 2, 9, 15, 6, 0, 0.03%, 5, 0, 4, 230.11
1676440182, 3, 1, 15, 5, 0, 0.03%, 5, 0, 4, 206.99
1676440187, 3, 5, 15, 5, 0, 0.03%, 5, 0, 4, 560.50
1676440202, 3, 7, 15, 4, 0, 0.03%, 5, 0, 4, 198.64
1676440208, 3, 14, 15, 4, 0, 0.03%, 5, 0, 4, 175.85
1676440223, 4, 1, 15, 3, 0, 0.03%, 5, 0, 4, 186.72
1676440228, 4, 7, 15, 3, 0, 0.03%, 5, 0, 4, 174.43
1676440233, 5, 0, 15, 3, 0, 0.03%, 5, 0, 4, 173.51
1676440238, 5, 4, 15, 3, 0, 0.03%, 5, 0, 4, 164.53
1676440243, 5, 7, 15, 3, 0, 0.03%, 5, 0, 4, 181.24
1676440249, 6, 0, 15, 3, 0, 0.03%, 5, 0, 4, 170.87
1676440254, 6, 7, 15, 3, 0, 0.03%, 5, 0, 4, 166.85
1676440259, 6, 11, 15, 3, 0, 0.03%, 5, 0, 4, 161.67
1676440274, 6, 13, 15, 2, 0, 0.03%, 5, 0, 4, 214.88
1676440320, 7, 1, 15, 1, 0, 0.03%, 5, 0, 4, 152.40
1676440325, 7, 7, 15, 1, 0, 0.03%, 5, 0, 4, 138.77
1676440330, 7, 9, 15, 1, 0, 0.03%, 5, 0, 4, 141.83
1676440336, 8, 0, 15, 1, 0, 0.03%, 5, 0, 4, 126.13
1676440341, 8, 1, 15, 1, 0, 0.03%, 5, 0, 4, 124.75
1676440346, 8, 2, 15, 1, 0, 0.03%, 5, 0, 4, 157.68
1676440351, 8, 6, 15, 1, 0, 0.03%, 5, 0, 4, 88.43
1676440367, 8, 7, 15, 0, 0, 0.03%, 5, 0, 4, 116.69
1676440377, 9, 0, 15, 0, 0, 0.03%, 5, 0, 4, 114.30
1676440382, 9, 1, 15, 0, 0, 0.03%, 6, 0, 4, 110.75
1676440387, 9, 4, 16, 1, 0, 0.03%, 6, 0, 4, 104.66
1676440392, 9, 7, 16, 1, 0, 0.03%, 6, 0, 4, 113.80
