# unix_time, cycles_done, cur_path, paths_total, pending_total, pending_favs, map_size, unique_crashes, unique_hangs, max_depth, execs_per_sec
1676531085, 0, 0, 1, 1, 1, 0.02%, 0, 0, 1, 2000.00
1676531091, 0, 0, 4, 4, 1, 0.03%, 5, 0, 2, 225.40
1676531096, 0, 0, 5, 5, 1, 0.03%, 5, 0, 2, 229.59
1676531106, 0, 0, 6, 6, 1, 0.03%, 5, 0, 2, 212.47
1676531269, 0, 1, 7, 6, 1, 0.03%, 5, 0, 3, 181.08
1676531274, 0, 6, 7, 5, 1, 0.03%, 5, 0, 3, 165.76
1676531285, 1, 1, 7, 4, 0, 0.03%, 5, 0, 3, 149.45
1676531290, 1, 2, 8, 5, 0, 0.03%, 5, 0, 3, 188.94
1676531300, 1, 2, 9, 6, 0, 0.03%, 5, 0, 3, 196.76
1676531310, 1, 3, 9, 5, 0, 0.03%, 5, 0, 3, 220.57
1676531326, 1, 4, 9, 4, 0, 0.03%, 5, 0, 3, 306.87
1676531331, 1, 4, 10, 5, 0, 0.03%, 5, 0, 3, 206.09
1676531341, 1, 5, 10, 4, 0, 0.03%, 5, 0, 3, 311.47
1676531346, 1, 6, 10, 3, 0, 0.03%, 5, 0, 3, 216.80
1676531351, 1, 7, 11, 4, 0, 0.03%, 5, 0, 4, 344.62
1676531361, 1, 7, 12, 5, 0, 0.03%, 5, 0, 4, 194.87
1676531377, 1, 7, 14, 7, 0, 0.03%, 5, 0, 4, 193.31
1676531448, 1, 9, 14, 6, 0, 0.03%, 5, 0, 4, 284.02
1676531484, 1, 11, 14, 5, 0, 0.03%, 5, 0, 4, 1458.71
1676531510, 2, 0, 14, 4, 0, 0.03%, 5, 0, 4, 211.05
1676531515, 2, 8, 14, 4, 0, 0.03%, 5, 0, 4, 2317.54
1676531551, 2, 13, 14, 3, 0, 0.03%, 5, 0, 4, 148.47
